000000012000000003002300400001800005060070800000009000008500000900040500470006000
020050700400100006800003000200008003040020500000600010002090000090000005704000900
000000003001005600090040070000009050700000008050402000080020090003500100600000000
120300004350000100004000000005400200600070000000008090003100500000009070000060008
100000002090400050006000700050903000000070000000850040700000600030009080002000001
000000039000001005003050800008090006070002000100400000009080050020000600400700000
120300000400000300003050000004200500000080009060005070001500200000090060000007008
003006080000100200000070004009008060030040001070200000300005000005000600980000050
100000009006700020080000400000075030005002000060300000090000800600040001002500060
009000400070300020800060007100800006000010070000056000300005001040000090002000700
000090050010000030002300700004500070800000200000006400090010000080060000005400007
400030000000600800000000001000050090080000600070200000000102700503000040900000000
708000300000201000500000000040000026300080000000100090090600004000070500000000000
307040000000000091800000000400000700000160000000250000000000380090000500020600000
000000008003000400090020060000079000000061200060502070008000500010000020405000003
000000010400000000020000000000050407008000300001090000300400200050100000000806000
000000012000035000000600070700000300000400800100000000000120000080000040050000600
100000002090400050006000700050304000000060000000058040002000600030009080700000001
000001020300040500000600007002000001080090030400000800500002000090030400006700000
000000000000003085001020000000507000004000100090000000500000073002010000000040009
002004000900630005000090001009070406300000700100000000005000302004002079000006000
070000102200000000004903000000408000790000400600030200080002500409605000305080700
900073200480060000500001006100020070030700801090000002000800100000000054040030060
300000006020080100040627090001700000008340700900100004000000080060000005000000009
040000506000008000820710090000605021000009000070300008001500200789000300002000000
050000010302600490000037050007040000940000006085002000000500000000029100000300500
030000700005900008007060000000700003010590040000080020800000600000042000002056000
090004070000300085050000000006000200020001800700500063000807000000100700003040000
000005001800900073002000640000804010030000200005002000000300050209150700070009000
000090006608000713070000000500007000000800000002003605300100057040000080750000001
