652184937981637245437295681529873416346521798178469523715948362864352179293716854
973546182256817394814923675532468917798251463641739258187392546429675831365184729
916473285482965317573281496164328579235796841897154632659847123328619754741532968
387491526629583147145627398431768952258349761976152834794215683863974215512836479
147293586963458172825716493398645721214879635576321948431587269789162354652934817
456298713372615498819437652237146985941853276685972341193564827568729134724381569
438215796625937418197468235984721563216593847753684129841379652569842371372156984
698254371247316985351789426136478259529631847784592163912867534465123798873945612
397465821864921573152783649726894315438517296915632487641378952289156734573249168
123798546698452713475631892564217938937865124812943675386129457241576389759384261
